412000
412001
412002
412003
412004
412005
412006
412007
412008
412009
412010
412011
412012
412013
412014
412015
412016
412017
412018
412019
412020
412021
412022
412023
412024
412025
412026
412027
412028
412029
412030
412031
412032
412033
412034
412035
412036
412037
412038
412039
412040
412041
412042
412043
412044
412045
412046
412047
412048
412049
412050
412051
412052
412053
412054
412055
412056
412057
412058
412059
412060
412061
412062
412063
412064
412065
412066
412067
412068
412069
412070
412071
412072
412073
412074
412075
412076
412077
412078
412079
412080
412081
412082
412083
412084
412085
412086
412087
412088
412089
412090
412091
412092
412093
412094
412095
412096
412097
412098
412099
412100
412101
412102
412103
412104
412105
412106
412107
412108
412109
412110
412111
412112
412113
412114
412115
412116
412117
412118
412119
412120
412121
412122
412123
412124
412125
412126
412127
412128
412129
412130
412131
412132
412133
412134
412135
412136
412137
412138
412139
412140
412141
412142
412143
412144
412145
412146
412147
412148
412149
412150
412151
412152
412153
412154
412155
412156
412157
412158
412159
412160
412161
412162
412163
412164
412165
412166
412167
412168
412169
412170
412171
412172
412173
412174
412175
412176
412177
412178
412179
412180
412181
412182
412183
412184
412185
412186
412187
412188
412189
412190
412191
412192
412193
412194
412195
412196
412197
412198
412199
412200
412201
412202
412203
412204
412205
412206
412207
412208
412209
412210
412211
412212
412213
412214
412215
412216
412217
412218
412219
412220
412221
412222
412223
412224
412225
412226
412227
412228
412229
412230
412231
412232
412233
412234
412235
412236
412237
412238
412239
412240
412241
412242
412243
412244
412245
412246
412247
412248
412249
412250
412251
412252
412253
412254
412255
412256
412257
412258
412259
412260
412261
412262
412263
412264
412265
412266
412267
412268
412269
412270
412271
412272
412273
412274
412275
412276
412277
412278
412279
412280
412281
412282
412283
412284
412285
412286
412287
412288
412289
412290
412291
412292
412293
412294
412295
412296
412297
412298
412299
412300
412301
412302
412303
412304
412305
412306
412307
412308
412309
412310
412311
412312
412313
412314
412315
412316
412317
412318
412319
412320
412321
412322
412323
412324
412325
412326
412327
412328
412329
412330
412331
412332
412333
412334
412335
412336
412337
412338
412339
412340
412341
412342
412343
412344
412345
412346
412347
412348
412349
412350
412351
412352
412353
412354
412355
412356
412357
412358
412359
412360
412361
412362
412363
412364
412365
412366
412367
412368
412369
412370
412371
412372
412373
412374
412375
412376
412377
412378
412379
412380
412381
412382
412383
412384
412385
412386
412387
412388
412389
412390
412391
412392
412393
412394
412395
412396
412397
412398
412399
412400
412401
412402
412403
412404
412405
412406
412407
412408
412409
412410
412411
412412
412413
412414
412415
412416
412417
412418
412419
412420
412421
412422
412423
412424
412425
412426
412427
412428
412429
412430
412431
412432
412433
412434
412435
412436
412437
412438
412439
412440
412441
412442
412443
412444
412445
412446
412447
412448
412449
412450
412451
412452
412453
412454
412455
412456
412457
412458
412459
412460
412461
412462
412463
412464
412465
412466
412467
412468
412469
412470
412471
412472
412473
412474
412475
412476
412477
412478
412479
412480
412481
412482
412483
412484
412485
412486
412487
412488
412489
412490
412491
412492
412493
412494
412495
412496
412497
412498
412499
412500
512000
512001
512002
512003
512004
512005
512006
512007
512008
512009
512010
512011
512012
512013
512014
512015
512016
512017
512018
512019
512020
512021
512022
512023
512024
512025
512026
512027
512028
512029
512030
512031
512032
512033
512034
512035
512036
512037
512038
512039
512040
512041
512042
512043
512044
512045
512046
512047
512048
512049
512050
512051
512052
512053
512054
512055
512056
512057
512058
512059
512060
512061
512062
512063
512064
512065
512066
512067
512068
512069
512070
512071
512072
512073
512074
512075
512076
512077
512078
512079
512080
512081
512082
512083
512084
512085
512086
512087
512088
512089
512090
512091
512092
512093
512094
512095
512096
512097
512098
512099
512100
512101
512102
512103
512104
512105
512106
512107
512108
512109
512110
512111
512112
512113
512114
512115
512116
512117
512118
512119
512120
512121
512122
512123
512124
512125
512126
512127
512128
512129
512130
512131
512132
512133
512134
512135
512136
512137
512138
512139
512140
512141
512142
512143
512144
512145
512146
512147
512148
512149
512150
512151
512152
512153
512154
512155
512156
512157
512158
512159
512160
512161
512162
512163
512164
512165
512166
512167
512168
512169
512170
512171
512172
512173
512174
512175
512176
512177
512178
512179
512180
512181
512182
512183
512184
512185
512186
512187
512188
512189
512190
512191
512192
512193
512194
512195
512196
512197
512198
512199
512200
512201
512202
512203
512204
512205
512206
512207
512208
512209
512210
512211
512212
512213
512214
512215
512216
512217
512218
512219
512220
512221
512222
512223
512224
512225
512226
512227
512228
512229
512230
512231
512232
512233
512234
512235
512236
512237
512238
512239
512240
512241
512242
512243
512244
512245
512246
512247
512248
512249
512250
512251
512252
512253
512254
512255
512256
512257
512258
512259
512260
512261
512262
512263
512264
512265
512266
512267
512268
512269
512270
512271
512272
512273
512274
512275
512276
512277
512278
512279
512280
512281
512282
512283
512284
512285
512286
512287
512288
512289
512290
512291
512292
512293
512294
512295
512296
512297
512298
512299
512300
512301
512302
512303
512304
512305
512306
512307
512308
512309
512310
512311
512312
512313
512314
512315
512316
512317
512318
512319
512320
512321
512322
512323
512324
512325
512326
512327
512328
512329
512330
512331
512332
512333
512334